fitness: 0.0629901
fitness: 0.106975
