mutation rate: 0.2%
fitness: 0.052562
fitness: 0.0635069
fitness: 0.102782
fitness: 0.199949
